k141_5347501_13 DSELLLRNLRPVITKEQAGRTLRQVRAMNGIFTALVTNTRPEVALQFAELKPSVTRGSFGPVIVIRRGSNRLYLYKGMRFQRGFGVATGQSAYPTPLGSWHVVVKWRNPWWYPPNSPWAKGEKPVPPGPGNPLGTRWMGLSASGVGIHGTPDDTSIGYSASHGCIRMHIPDAEWLFNHVTVGTPVFIVPQ* 191
k141_873492_7 EVADRSSRLLDSLRDAPAQITLVALVLTIIVVIGTKAYTGRGTPLRGGLPSGHAAIAFAGWMAATYVITGPHRFLISSLTFIMALLVAQTRVETGVHSALEVTYGGLLGALITLVVFQVLA* 122
k141_3493090_1 DVGFRSIGCIPCTKPISPEEEERAGRWAGSDKLECGIHLETPLGGT* 47
k141_1147788_1 IITHYQRILNYVKPDFVHVFVDGRIVEEGGPELAHKLEAEGYEGFGANGRNNGSNHA* 58
k141_2239849_1 LLEIYAELEEAETLHRRLGCPVIEISDLSIEETAARAIRLIERRRAEAGTRERAPVP* 58
k141_932587_1 SILLLVGAVVGGLGSLPGMVVGAFFVQYVPELSTHVSSKPGVPDFVYGAAIILVMILLPTGAGGLLRRVARPLTTRLYLRP* 82
k141_5134043_9 FYVLVYTRWLKRTTPQNIVIGGAAGAVPPLVGWAAATGNLSLPALFLFLIVFFWTPPHFWALALVIKRDYAAARVPMLPVVRGDDETARQIVWYSLVLVGVTLLPFAWHTAGVAYLAVAVLLGAVFLRFAWRLRRETTTARAGALFRYSLLYLALLFVALAVDPLL* 167
k141_6934334_5 FRFGTVGPALPKFEVRADEDGELMIRSQTVFAGYYKDEHATREVLGEDGWLRSGDVGSIDEDGFITITDRKKDILITAGGKNVAPANLENALKTAPLVSQALVLGDRLPYVTALITVDPAVADGLAPEEVERRVQAIVDDVNAELSRFEQIKRFRVLPRDFTADEDEVTPTLKLKRRVVAEHFAREIEELYSS* 194
k141_4861908_1 QHESIELAPNMTGGEFLPQPAILSQADLVITHGGNNTVTESIHFGKPMVVLPLFWDQHDNAQRVEEVGFGVRFATYEFEDRELHTAIEGLLAAEHPRLGEASRRLQAQLGTTRAADLIAAVRGARR* 127
k141_4861908_12 ALPKRPKPLYLRRRGEDHYVTTVDRGRVVFVGYNMTVGSTYPEAQRVLRLARQRKVRRVVVDVRLNPGGDNHTYAPLFSALRSKAVNRPGRLAVLISRSTFSAAANFITDLERRTRAIFVGETSGGAPNLYGDATGIDLPVAGVYVNIATRYWQKSFAADTRVGIEPKVRVPLSSTAFFRGGDPVLAAALTYRNGR* 197
k141_6062618_5 ENMVFSMHPHVIAENGVDCLYMQETWLVTADGGVPLSGLPSKIF* 45
k141_661398_4 TAVLPLISPEKGTQLGFVAQGLLLVVSGVYYPVSVLPQWMQALSVISPATYALRGCRAAIINGADLSDLGTEIWALFLIGAISVPLGLFTFRTGERYAKKHGKLKRSG* 109
k141_499263_4 EEADLVAVGSHEHRRTAGIVGGSVATYMLHEAPCSVLIARRCGHPDRFPRSLVAGFDGSACGVEALALARRLAEETNANLRVVAAAGGEKLPLDPIREHAPDAAHDHRPPVEALVAESETADLLVLGSRGLHGLAAIGSVSEQVAHRAKSSVLVVRSVTTGS* 163
k141_6883690_3 GELVHFEAPEEGATLTKDQAYAEVESVKAVSDVIAPLSGEVLEVNRAVTDAPETVNGDPYGEGWLVRVRLTDPGEADVLMDAAAYKQHLAEQG* 94
k141_2355682_8 QEDEIVQREVFGPVVTVQRFADDNQAIEWANDVNYGLAASVWTRDVGRALNAAKRLQFGTVWINDHIPLVSEMPHGGYKQSGYGKDLSAYSLEDYTQIKHVMAKID* 107
k141_2683866_12 ATHRELALAPLKVAGVEGTFDVRVRVHGGGPSGQAGAVRHGIARALVEADPELRVPLKRAGFLTRDARIVERKKAGLHKARKAPQFSKR* 90
k141_2303215_1 IEELRELARGLPPSQLDGGLAPAFHELARRAPVPVEVDAPRERFGRDVEAAAYFIGCEGLTNAVKHAHATKILLSAGRRDWQLVVSIADDGVGGAMVGQGSGLRGLSDRIAALGGTLRIESAPGAGTTLTAELPCAS* 138
k141_3503365_1 RFYGEVLGLTVVGSFEGHDGYDGVIFGLPDASRQLELVWHEHAAPAPTEEDQLVFYLGSEEEVASMAGRLRAAGLEPRDPTNPYWGKNGGVCFVDPDGYWFVLSPEAWPEDR* 113
k141_830255_5 MLAALLISAAVAATFAAASGVPLKPSPKLTRHPQSQSAKPRRHVNPALVRRLRNTAWRWQAVIGMRHTHSVAPLHSPRALSYWRRQVRHVSWLAAHPPHQRGWLCIHRFEGRWSDSGDPYWGGLQMDRGFMHTYAPRFLLRKGLAD 146
k141_1376330_1 PIYEYRCPNGHLFELFQKIGDAPPDKCEVCGEGPLERVLYPVAVHFKGSGFYTTDYGRGSGKKPSKDGDSTSSEPAKPKEEKKKAAEA* 89
k141_4704860_10 PELELARQLIDSLVGEWEPEDLHSEYRQNLRTLLEAKLAGEEIAMPEPVADAPVIDLMEALKKSVAASKERDGDKPAARKKTSSRKRAAAK* 92
k141_1540295_7 QVRIGEAATGIGEQMADTGLAIQRAKDKTEQMQARASAIDELTTSGALEDFTSDQTQLDRELGAIASKSQVDKELEQMKAELGSGEGKKELTE* 94
k141_232051_6 VIGGAGMAMSMAPTTATAMHAVAVDKAGVGSAVLNSARQVGGSLGIAVMGAIVATYVHVAPTDPRWVGQFVDGFQHALLVAACIAFSAAIVAAVLLRKPEHAEEASHSVELAA* 114
k141_3725194_5 VLDVREKDERDEGYIPGSRHIPYRLVRAFRDELDNGRPVVTICSSGARAGVAASVLAAEGVRARPVLHGGVDDWQDRGHQLTAFRRCGSG* 91
k141_178639_1 RAYGPKLREVSEVAVLNANYLLARLRDAYDLPYDRLCMHEFVLSARKLKREHGVTALDVAKRLMDYGFHPPTVYFPLVVAEALMIEPTETEAKETLDEFADAMIAIAREAAEDPELAKSAPHGRVVGRLDEVKAVKRVVVRYLFDDHPDLSAEPPAAAAAVEAPKGA* 168
k141_1380102_5 EGFRYIAGVPWLWITICLFAFVLMLQWASIQVLTPKLVREHFDLGVGAYGLLFSLIGGGMIVGTFIFGQVNPRRRRGLISYLIWIVNSLLVIVFALSPWFPLAAAAAFVRGICIGFGVTVWETMLMELVPRHMLSRVVSLDWFGSLGLTPFGLLFVGAISDLAAPGTIIALAAAISICIISLGLASKQIRTID* 194
k141_4980438_4 YVYRPPFDPPDVERKYGNLTLTYAAQVHVAVVEVDPETGVYEIVDYAAVDDCGKRINPQVVEGQVMGATAQAIGAATHETFTYDEDGNLLTPNFYDYHVPHALDMPPLKTGSIESPSPFTSLGTKGMGEGGGAGIHALCAALQDALRSRGNPIVYDSSNPYHRVWELLSNPDESRKRVAVESP* 184
k141_5418115_1 DTAGQYSVMDIETPPGVGSPWHVHRDEDEWFYVHEGECEVYIGDAHLTLTAGGFAFGPKGVPHTFFGGPNGGKMLVWAGGAKFEGLLREIAEPAPQHVLPPPPEGPPDMDLLLPIADKWAYDILGPPGPPPGR* 134
k141_5418115_7 DEGLYLTGTSEVALAGLHMGEILDRDELPLRYTAFSTNFRREAGAAGRDTRGMFRVHQFNKVELFAYVLPEDSWEEHERLLAIEESLAQELGLPYRVVNIEASELSAAAAKRYDLEAWFPSQQRYRELTSASNTTDYQSRRLGIRYRANNHTEYVHTLNGTAVTDRWALAVLENFQGEVPEVLREFGAPARIEP* 195
k141_5363121_1 DELGARVDELGAEIAREYAGRDLLLVSLLKASFVFLTDLSRAISIPHAIDFVELAGYNGADTGGHSRVRLLKDTAIPVTGHDVLLVEDVVDTGLTLNYLRKLFDLRQPTSLRVAALLDRPYRRLVDDLPVDYVGFTVPDEFFVGYGFDVDGRWRNLPDLRLAKV* 165
k141_397750_3 TARQIDVPLDYDSLGAIGTFFGAASLIVVDERCCMVQLALRSTKFYMHESCGKCTPCREGTRWLVQLLEKLERGDAGHDDLDLLRKVCDRIEGKSLCALGDFAVWPVQSYFDKWNEEFVAHVEQGGCPLGGESSLEGILAPSDQHTHSPVAEVLA* 156
k141_5363357_4 GTPASLKAEVGRSTVEAIPADPTDLDRTATILDRFGELVPSTKGAAVRLNDGHVGLAEIVRALDQDGLECENLQLHQPSLDDVFLAKTGRSLEGAGDEEEAPDTGLAMESA* 112
k141_3016625_1 IFAGITRCDVVARGILQALTQIEISHPIVVRFDGTNAAEGREILAEAAPPNLHVEATMLEAAKRAVELAA* 71
k141_3016625_6 RQWQPRLYLRIIILGLLIAYGIAFVLENNKHVHVHFVLGTARTSLISLVLLSVELGMLLGELLSQLYRRSRRRQ* 75
k141_1053133_5 EDRRRHIVEVSAKGSARLEDAKKTAMTVEEELLAGLDADQRAELLSLLAQVADSSGIFEGCVERLKLL* 69
k141_3891588_13 RSDRRLGVELTFGSVVVTDQVVGYQKKSIQTQESLELVPLELPQTEFETEAVWFLPEAWMLEGLEQMPRLLGSLHAAEHSLIALLPLWAMCDRWDIGGLSTNLHFQTGRATIFVYDGHSGGVGIADRGFDVFEGWAEDTAKLLRGCPCERGCPSCVQSPKCGNLNEPLDKAGALTLLDRMLASA* 185
k141_3074189_5 RIDATIAAVERDLREGPYVYRYRGDDGLAGDEGAFLTCSFWLVDAYAQTGRLDDANALMEELVGLANDVGLYSEEIDPRTGDFLGNFPQGLTHLALVNAAVTIADLEAEGKERAA* 116
k141_6350566_1 GALQRWLTLAPERVAFQGLPARICWLGFGDRARAGLAINELVRSGEVKAPVVIGRDHLDSGSVASPYRETESMRDGSDAIADWPILNALLNVAAGATWVSVHHGGGVGIGNSIHAGMVVVADGSDEMAERLERVLTTDPGTGVLRHADAGYDEALAAAEEHGLRVPMPPSPGP* 174
k141_2968153_1 ANVNLAATASDADGTVTKVEFFNGTTKLGEDTTAPYSFTWSGVAAGTYTLTARATDNLGGVTTSVSSGITVSSPNVAPTVSITYPGDAAIFTWKPSITITATASDLDGTVTKVEFLNGTTVLGQDTSAPYSFTWKNVPQGSHSLTARATDNAGAVVTSDAVGILVRKR* 169
k141_6297492_1 ETRLLVPSPREVGTYDKQPEMSAEELAARFCQELERGGYSFAVVNFANPDMVGHTGVIPAVVKAVETTDACLVRVAETVERLGGVALITADHGNAEQMLEADGKSPHTAHTSNVVPLVVTDPDARLRDDGELSDLAPTVLAYLGLRKPLQMSGENLCN* 159
k141_5042105_6 NQRLIPQDPRGPFGLAAIGISAYSTVLTGWTQGGPIAIHGTNEPWSIGHAVSNGCIRVRNPVLRRLYQVTPAGTPVVIRR* 81
k141_460291_8 RVTNGAANDLEKATEVARAMVFEYGMSGATASRTMRADNYALSEETKRLRDQEQARLTDDAYAEAMRLLQKHRLVLDRIAVALLEKETLDKEELAELVGDVEPESRSSETMGTVRVVGSD* 121
k141_6189998_8 LFFLAFLPQFVDPGRGTPWLQILALGLLFAALGFFSDGVWALVAGTLGERLRGSRRFPAVQRYVSGSVFVGLGAVAALTAPVKQR* 86
k141_3844333_1 PQLGSRPKAKKKKRKGGKGPAPLIIVGAALVAGIVLAKVVDWRGHAHPRD* 51
k141_408602_1 AEAGIEVVGENRAQDLAAKHALHGDAFRWHFIGHLQSRKAAVVNELCELCHSLSSESAVKKLTIPALVEVNLSGEESKSGIAEADLEEFLPLYANVVGLMTMPPFTSDPEDSRPYFRRLRELAERHGLRELSMGTSQDYLVAADEGATMVRLGSVLYEG* 160
k141_5974584_13 EPLPPERLHELACELGADVPFFLTSGPQLGTGTGTELEPLELPQDYWIVLLLPHDQRKPSTADVYAGFDRRDGATGFEERHARLRETLAGAKRPRDLAALPPNDLAASPHAERLLEFGAFRADVSGAGPAVYGLFLHRAQAAAAERELEALGRTWITVPTWYG* 164
k141_627305_1 TATISVAFGCPFEGAVDPGVVLEVARRASDAGAAEVVFADTIGVAVPSQATKLVERCCDGATRFAERIVELDGVELLNEVVLNQVLFGFESDKRTDEVLARVQESGRVWLSGTTWDGRKAIRVSVSNWQTGDEEIDLAVQAFDDYAGKSPAR* 153
k141_955378_5 LVVAGWVVIAHQPDPNWFRAHVLNWSDDIGILGLVRDLTEYVAVLAFGVGLVFGFTFDTSGPAAYGPFGRRRRAAAVPAGGAAPPPEADDRPTAREQREAEGEDEVPREREPARTE* 117
k141_1555765_5 VDYKNINQLRRYVSEKGKIRSRRITGACRRHQRQVALAVKRAREMALLPYSSG* 54
k141_3303335_10 DLRGIPFREWPDWLHRATVRELLEARDADERGLRESVTDLKRQVRSLTKQLNAARRRAAEGLSEPSMERALRDVATNPRSAVS* 84
k141_2322347_6 AGIADDELDMLVVTDQGYGKRTRMADYPVKGRGGLGVKTVQLTAARGQLAGALPVREGYQVMLISNGGTVIRMPVDEIKRLGRSTQGVIVMRLRGDEQVSSIALVAESEEEAEPELESAPAGDNGRNE* 129
k141_303806_17 RAYALLLDEFELSLGDLAERVGKAKPTVSNRLRLLELPDDVLRLVERGELTEGHARAVLAVPDQDGRRRLARQIVRRGMSVRAAERAARWAGAKTKPRKVAKVDPALAERARKAAERLTGFPARIVSGRIEIAFADETELAELVEALERVA* 152
k141_1231300_1 FYTYPTGVGRDLQTPGARAHERLVKELLPVLDDLERALAAAEEHEEAKLEEGVRLVHRELADALAREGLAEIETNGVFDPHVHEALLSQPSDQDEGSVLEVVQRGYRLGDRVLRPARVVVAAPREDDGGS* 131
k141_2868761_1 SSNLLSVIATESDRLARTVNDILWASRLDADRVQLDVGTHDPRELARPVVEAAQVHLPAGIELSFSCEPDLPPILGDPDKVRQVLTNLVDNAVKYSPEGGVVELQIARRDHAVLFSVADAGLGIPTSEQRRIFDKFYRVDPNLTRGVGGTGLGLYISRELVRRMNGTIWVDSREGEGSRFSFELPVATA* 190
k141_4833384_1 PALAELARRKPYVVRFIEFMPLDADESWRGDDVLTGAEIRALIEERWPLEEVPAKASSTARRFRFADGAGEIGFVNPVSEPFCSSCDRIRLTADGQLRTCLFSRREWDLKTPLREGASDAELERLLRFAVRHKELKHKINDPGFVRASRSMSQIGG* 157
k141_961881_1 GYVFQIESTYRTLRAGFRVVEVPITFVDREHGGSKMSRTIVLEAIWRVPVLRLRALAGRL* 61
k141_2380153_10 ALMNAFSEAREEHIECYGPENDLRLTGLHETAAIDEFTYGVADRGASVRIPHSFVNSGHRGYLEDRRPNSLADPYRITGRILQTIESVTAQALIEDAFAA* 101
k141_5544741_1 IVFVGVVNPPARARGGGAPPRLLAKGISVRGQMLWFNEVKDYGFIMTEDGERLAVAGNGFAHGEKPEGRCAHKPVTFEVDETTGERQAQNVVFDQEVAARRARMRSGGRGIRH* 114
k141_4780708_1 VYGWDGSPIHDAVAVAHVIDPGLLELERLNVRIDTESELCRGRTVVDFWRRTGLEPTANVAVGIDAERFVDLLLQRLARLG* 82
k141_2872267_6 EAVEAMQLASFLDRLGRTLSGGMLRRLEIATALLKQPVVLFLDEPTVGLDPTARRLVWERLELLREEAGTTVLVTTHQMEEAERQCDRIAVMDLGAIATIGTPQELRSRHGVAALEDVFTEVTGGRLEEGGSFRDVRASRRRSRRLG* 148
k141_4837966_10 EVTDPSGKPVIFHPWFGALAHAIFFRQGSLDYFHTHVCGPSTPGCTSVLGGARVVGRPAGPGQLNVGVLLPIAGTWRLFLQFRDRGRIVTAPFTLRVR* 99
k141_3642796_14 LGAYELESSARTVRCPDWERGPGASLRCGLAALPAEAEAAVVVLGDGPGLDPAAIDRLTAVWREQPAPVVAATYEGIRLHPVLVAREVWPQIPDAGARTLDAVLVACDDLSPPGDVDFADEVPERLKPWSSPDP* 135
k141_5554578_1 VYLDRYDLGVAVQTDQGLVVPVVRACDTRSLDELADEVARLAEAARAGTLKPEELRDSTFTVTSAGKLGGLLTTPIVNHPEVAILSVGRVAERPVVRDGELEARSTGTIAITFDHRVVDGARAAEFGLAVIERLQA* 137
k141_4189310_7 AKGISAKISSWTRIGPNVIPHVAKATGVYLNSMLAVTEANRAGYDEAILLTADGLVADGSGENVFIVKGGELYTPDLSTSILPGITRDTVIQIAQDLGYQVHEKTLIRSDLYLADEAFMTGTAAEVTPLRSVDDVEIGVGPITLEIQEAYLDTARGRSERWAQWLEYATPAPAEA* 176
k141_5772402_4 LRDYRTPDGGSGRMQHEFKVYGREGDPCERCGRPIEKTRAAGRGTWFCPNCQPSPDIAHKSYAYTFETAHQRR* 74
k141_4736658_1 HTSDTYFVVAHIHYVLFGGSLFTIFAGIYFWFPKMTGRMYNEALGKLHFWLTFIGFNLTFFPMHYLGIQGMPRRVADYAPRFADLNLFISIASFGLGASTVVFLYNMITSWRFGAKAPANPWRSLTLEWQVSSPPPVFNFDEIPQVVGNPYEYGVPGARHGVFNGDRVTEGEEVHA* 177
k141_5882601_1 QPLNWRAWLELGSFEEGQQDFGRAIPALERAVELDPLNSLTTGELARAKSLEP* 54
k141_4246205_1 QNARERALSRFESGKVATLVATDVAARGLDLDDVTHVINFDPPDEDKGYVHRTGRTGRAGRAGTAITLVLPEQQADTSRVARRLGHQEQFEDAGMPSAPAKLVYTSRRGRRSKW* 115
k141_1354568_5 FVVAHAHLALLGAFTILGMGVIDYIVAQIYQKPLFSRSLSEWQYWLVTVGFTGFFSVLTLAGFQQGFSWQEGIPEVNVLPQLHAYYIARGIFGAMIVLSGIVQIVNIGMTVFTNTAERRRRETLNVAEAIAPPPVAG* 138
k141_1738192_1 TLEGVPEAFVALGYDPQTAGGLLVSIPAERAPALEAEFDSHKLFIRRVGRVEEGSGVVVG* 61
k141_2994614_8 TFELDGQKFLALNGGPDFKFNEAVSFQIPCRDQDEVDHYWEKLGDGGEHGPCGWLKDRFGLSWQVVPNRLTELLTDSDRDKAQRVMAAMLQMGKIEIDELEQAAAAA* 108
k141_1521715_1 VATGRPLDEGTLVLDVGGGSTELITSTQRTSIDVGSVRLTERHLRSDPPAPGALAAAAREVRDLLPALAPTAAVGVAGTITTLAALELGGYDPDRVDGYHLSRAAAERQLERLASLPLAERRELPGLEPERAPVIVGGALIVCTLLDRYGLQGLEVSERDLLHGAALEAAQLPEPVEGDAPPGAYTCC* 189
k141_5721829_11 QARADDVDARKALDDSVNRILAIAAVHEVLTERRDDDVELDKLLDRLRAMLVQGLGASKAVESSLEPVALAGNRATALALVFSELLQNALEHGGQSVRVELARRDGDVVLAIADDGSGVDGEPVSGTGLSIVRALVRDELGGTLALESSGGLRAEVVFPA* 161
k141_1576273_1 NVLELKVDELVGAYAVTRLDEGERVVVTAGPGMQVGDAVRVATRPEQVRLSPAGAASPDGGSFLRGRIAEVVFLGMYTQFHVDTRAGRVVSHRMADEPLAELEAGTDVVLEWQPEDAALV* 121
k141_5887769_1 IDPEKIGMVIGKGGETIRSLEADYEVQIDIEEDGTILIYATDGEKASAAIAAVESITKEPEVGDTYTGRVVKTTEFGAFVELKKGTDGLLHVSNVGPGRVAHIEDVIARGDTLDVIVQEVDKDRGRIGLKLVAKHENGNLVQPEELIERAKDAPPREREERPPRRDGDRGRGGRGGGRGRGGGRDR* 187
k141_3924995_1 ARPDAVVEPARDVRLDLVAADAIERTRRNRPGIEFETDLDESIVYGAPSTIERAVANLLDNAAKWSPPGGQVEVAVRQGELSVRDHGPGIAAEDLPYVFDRFYRSRTARGLPGSGLGLAIVKQVAESHGGSVVAERPQDGGTLMRLRLNGRRQGS* 156
k141_4417190_1 VPDIMTVAKGINSGYVPLGAMIINQKLADWVQDKYFAGGLTYSGHVLACASAIASIEAFQEEGIVENSAAMGEVLGARLGELMERHPSIGEVRGKGLFWGIELVKDRETREPLVPFNAAGEAGAPVAKLVKAAMERGLYLMTHWNVIVVAPPLTITREELDEGLDVLDEVLALTN* 176
k141_1252711_1 LAVGESREEMFDATGWAAPLLPADRPRYFMGIGDAEGILRVIGAGIDMFDCVLPTRTARTGSALTATGRLNLRNARFANDPRPLEEGCGCPACSRFSRAYVRHLVNQEEVLGLRLLSLHNLHFLLELTAGARAAIERGELEVYTAAALARLAGGPQEEPWNQEG* 165
k141_5728019_1 EGRPPQPIYDNCSGKHAGMIATCRAHGWPVEGYRHPDHPLQQLLLEEVAAAAELDPSAVGTGIDGCGVVAFAIPLERAAFAFARLESLDGGERVADAMRAHPELVGGEGATDTVLMQAHPGTVAKGGADGLLCAGGRGTGLALKVADGNSRALRPALAALAAGLGMPLPEFEQVSLQNRHGEAAATVSLA* 191
k141_2509458_1 KAELGEEPAPETEADPRVFAELGDVLFASVNVARRLNVDPELALRAASERFVARVEQAEQLAAAEGKRWTELELDEQDRYFDLAKEAGT* 90
